% INITIALIZE Initialize the model state

state_init = [0.0000,-0.0000,-200.0000,0.0000,0.0308,0.0000,17.9914,...
    0.0000,0.5551,0.0000,0.0000,0.0000]';